23827
24093
24648
22899
23961
21645
21086
11758
21363
26739
23783
23214
21161
20471
19418
21641
20340
19772
19916
10800
20118
25118
22231
22516
22531
23231
26597
23416
24737
23038
23088
14110
23545
25322
24501
24221
22934
23628
26147
27000
26320
24085
22062
13907
23989
26028
26444
24177
23810
24979
27925
23136
26895
24692
23228
14911
23432
26894
27850
25057
26381
25143
28007
24085
28238
25937
25104
16007
23803
29607
27882
25717
24803
26296
27351
28736
30941
25702
26637
16707
25046
31036
28534
27093
28067
27532
30251
27649
30054
26781
27971
17306
26411
32117
29071
28698
28138
28589
32209
28209
30306
29140
27924
19181
28701
30289
30738
29322
28429
28957
30064
31912
31862
29398
27916
18251
28519
30439
30959
28560
29690
29361
33335
28654
33133
30182
28311
19789
28384
32067
31764
28706
30943
29983
34022
30137
33974
31107
29660
21330
28515
34014
32821
29851
32314
32116
32234
34893
32990
31201
31907
21203
29808
34876
31932
32314
30558
30124
33288
30738
32391
30471
31257
21358
28259
31874
30907
30321
29491
30064
34346
32765
34145
32448
32670
23818
31367
34124
33760
32084
31762
31584
35301
32803
36349
32599
32224
25185
32611
34226
33156
31185
31608
31964
34344
31333
34344
32671
31781
23622
29120
33501
30338
28866
30537
29254
31162
32922
33889
30833
31747
23610
29915
34512
31452
30102
30503
29736
33131
31611
34084
30812
32436
23806
30966
35455
31630
31548
30788
30357
34038
32957
34624
32354
33061
24677
31836
35462
33177
31662
30490
30150
32145
34458
34133
30678
31839
25064
32512
34749
33626
31642
31915
32107
36921
33154
35863
33215
32038
24729
31780
33937
33943
30793
32942
32739
35220
35646
36771
34980
34365
26035
32211
37935
35797
32868
35235
33538
37374
34779
37242
33894
32808
24074
32930
38912
36547
34612
