11.87359501 7.05392377 -2.01715132 1.00000000
-3.66325503 2.14953225 6.85770718 -1.00000000
8.18267500 16.80832349 10.79925696 1.00000000
3.92987253 18.61437213 6.14441485 -1.00000000
-4.98880979 14.61047707 -9.08322503 1.00000000
3.97411525 2.82746807 -4.02130409 -1.00000000
8.32212301 2.98450692 10.88288783 1.00000000
11.57455673 5.71533622 5.32386762 1.00000000
-9.72105507 13.59391728 -1.57157188 1.00000000
7.33938129 4.31408878 11.58677949 1.00000000
3.25885318 10.21357743 -10.68125501 1.00000000
-7.93763489 3.44660946 3.80643680 -1.00000000
1.99336898 13.93450697 -4.75779927 -1.00000000
6.46414766 19.56044191 1.22671525 -1.00000000
5.54602451 20.30586910 12.67979195 1.00000000
10.99065430 2.06808535 7.10646295 1.00000000
4.17417693 8.98080007 -3.90687042 -1.00000000
5.71336435 11.70360101 -1.79544585 -1.00000000
3.46669443 10.46123479 -4.24475806 -1.00000000
2.91921796 19.93647872 6.65627652 -1.00000000
0.98823817 18.82473657 -4.69097483 -1.00000000
5.57698988 4.23166011 4.84324021 -1.00000000
-8.31134637 13.61298633 3.32922607 -1.00000000
-9.40387469 5.56498210 0.57773166 1.00000000
9.44043080 10.88526133 -7.67213231 1.00000000
12.76855124 12.84797034 2.42919406 1.00000000
6.19636582 15.59674727 0.50231804 -1.00000000
11.04301493 6.70548271 7.20782640 1.00000000
4.83452712 15.65869594 -10.51572140 1.00000000
-8.29443721 10.60950635 -5.68357766 1.00000000
8.65085332 17.40473059 -7.72079653 1.00000000
3.52195332 7.58796662 -4.40703634 -1.00000000
-2.98035436 11.60778973 7.67147459 -1.00000000
-7.74871178 7.23651479 -6.58822408 1.00000000
5.84133010 19.90571044 -1.21252160 -1.00000000
4.06596959 2.90813456 -3.75356736 -1.00000000
-9.32758801 14.49197390 0.98698894 -1.00000000
6.67695479 9.12281646 -9.48786888 1.00000000
6.49777686 6.00084933 0.09022656 -1.00000000
1.80983653 14.61198028 14.21218555 1.00000000
-9.34866429 6.40320801 -2.81962560 1.00000000
11.92303063 17.78153237 -2.64414976 1.00000000
3.56183685 18.06029908 6.51024274 -1.00000000
3.13338964 14.56348908 6.34411762 -1.00000000
6.46660330 18.55180430 1.27445110 -1.00000000
12.68798321 15.24833044 -0.08866152 1.00000000
8.05216900 19.76310355 10.68051429 1.00000000
8.90854516 10.94343724 10.15086928 1.00000000
-2.53929376 20.69581174 -10.37404261 1.00000000
12.49242211 1.84579080 -1.54884923 1.00000000
11.97796328 2.03168357 -3.41865622 1.00000000
11.24958551 8.40924260 6.73169826 1.00000000
5.30951296 3.22823787 4.27274441 -1.00000000
6.26022347 8.69552419 1.70636182 -1.00000000
-7.46587675 11.41616021 4.81874002 -1.00000000
-3.95902852 20.95807845 -9.87153496 1.00000000
3.41292209 5.13741089 -4.21492795 -1.00000000
-2.00311626 12.54465483 7.77561185 -1.00000000
1.55238584 5.13216476 7.55912473 -1.00000000
-4.04782683 0.75744575 -9.86186630 1.00000000
-1.09289817 18.07207011 7.94987702 -1.00000000
-8.16213703 5.61235668 4.51171684 -1.00000000
-9.45436139 16.88392210 0.00748675 1.00000000
-4.56678506 9.31993084 7.44102967 -1.00000000
-9.63291285 9.72245348 -2.00838813 1.00000000
-2.61219485 9.33425071 7.70922775 -1.00000000
2.18954903 6.64818570 13.86279916 1.00000000
6.41731823 14.74668713 -10.06933703 1.00000000
-8.91140487 9.75816139 1.88847188 -1.00000000
5.39826601 4.12990505 -10.04779034 1.00000000
3.71496736 18.43137431 6.67573918 -1.00000000
5.99168904 13.83001160 3.75973542 -1.00000000
-7.21468249 13.47062021 -7.63673207 1.00000000
3.78701509 18.24166265 13.69528928 1.00000000
6.33368817 15.38052670 -0.28413736 -1.00000000
-8.93244843 10.37770057 -3.54331623 1.00000000
-9.37040973 14.30511120 0.41814503 1.00000000
0.82386499 11.82505616 -5.16567474 -1.00000000
8.96326091 14.99780303 -8.16201691 1.00000000
-2.65804946 14.38982228 7.79456628 -1.00000000
-8.90501498 4.77176251 -4.64452519 1.00000000
2.63125850 0.42314727 7.14008713 -1.00000000
4.79169387 1.72883977 -2.95382893 -1.00000000
6.20767178 2.94827518 -0.38105449 -1.00000000
-8.22251926 3.42562956 4.06660105 -1.00000000
0.53556120 16.69781451 -4.75215483 -1.00000000
5.39397734 14.33219252 4.77707308 -1.00000000
6.29636499 9.50589147 0.98365742 -1.00000000
1.62496887 1.61997078 -10.79484434 1.00000000
6.50063744 11.60798816 0.67477742 -1.00000000
8.25901463 12.79345346 10.54707737 1.00000000
7.02795671 17.20600924 -9.12777787 1.00000000
6.16746564 19.68679537 -0.71183908 -1.00000000
5.94663878 20.59975009 -1.66436154 -1.00000000
-8.05573721 17.54698281 -5.89205876 1.00000000
2.02238591 13.01981651 13.76915826 1.00000000
-9.08525870 7.33135651 -3.90609308 1.00000000
6.09834376 4.55207568 0.81908868 -1.00000000
-0.96372206 9.36468787 7.88822472 -1.00000000
-9.34280821 0.01659407 -0.54770695 1.00000000
-9.50220920 11.87992573 -2.05227132 1.00000000
12.31309688 8.52482783 3.25805488 1.00000000
-0.40422570 18.30124311 -11.06215834 1.00000000
-8.46490799 8.86981258 -5.47468422 1.00000000
-2.25106775 6.50625559 7.59151029 -1.00000000
3.05304382 11.85020628 6.70156561 -1.00000000
4.31332014 1.42306556 -3.50812731 -1.00000000
11.99917577 11.93530570 4.66350569 1.00000000
2.83188061 20.85760185 -4.23854382 -1.00000000
6.45354605 1.68559200 2.30121929 -1.00000000
-0.58109807 20.33540825 7.50212247 -1.00000000
-9.11511818 19.70456546 -3.05225349 1.00000000
11.44019555 11.59704405 -5.31933412 1.00000000
-8.69423917 16.52907667 2.41182201 -1.00000000
7.33374162 2.39305059 -8.95391840 1.00000000
-8.75896662 17.85131959 -5.14716123 1.00000000
-6.50763119 18.05214537 -7.98969478 1.00000000
12.25333647 18.99718608 -2.42073781 1.00000000
6.53713668 2.93886882 -9.64012380 1.00000000
-0.01635226 12.97538369 -10.74673076 1.00000000
-3.35979693 3.50610680 7.88191028 -1.00000000
9.08149229 18.81096861 -7.43066319 1.00000000
8.27270701 17.11511668 -8.26352593 1.00000000
0.88113671 20.90124242 -5.16662318 -1.00000000
1.73975956 3.96377247 7.34155419 -1.00000000
-6.23035168 14.97471818 6.09158511 -1.00000000
-8.96098174 17.89676581 -4.36877355 1.00000000
7.53169268 17.79147119 11.62685902 1.00000000
3.76839395 1.32880935 6.06821060 -1.00000000
1.19329092 0.16250070 -4.74905299 -1.00000000
6.12678598 12.46237434 0.47879775 -1.00000000
-3.56707121 17.26522028 -10.22468102 1.00000000
4.40748056 0.14522016 -3.62147083 -1.00000000
5.49048262 20.61412390 -2.31403973 -1.00000000
-0.86316822 10.89583608 -10.99009713 1.00000000
5.22354091 13.36074541 4.42383405 -1.00000000
6.13084063 18.15902295 1.85537479 -1.00000000
-5.65336333 21.02989264 6.13847472 -1.00000000
12.47185742 15.28063135 -1.49944657 1.00000000
-0.29112217 4.64309059 -10.89631655 1.00000000
6.96286447 15.36026068 11.55251833 1.00000000
-3.51996887 8.46606109 -10.13398995 1.00000000
4.50062985 15.20739729 -3.48937511 -1.00000000
-2.12927853 12.42803537 7.95525066 -1.00000000
2.84086575 5.16860675 -4.02437184 -1.00000000
4.74040310 16.33746289 12.68563948 1.00000000
2.34421500 7.16358051 6.89983348 -1.00000000
3.04880019 6.04313892 -4.48753871 -1.00000000
3.16358570 9.05353179 -4.55757741 -1.00000000
-0.45337952 9.05848142 -11.06785750 1.00000000
-0.22930232 1.00884710 7.46086274 -1.00000000
5.95374622 19.43387110 2.33425253 -1.00000000
-4.92896687 20.84621143 6.88449277 -1.00000000
12.00903219 6.99484996 -2.22597936 1.00000000
-8.36865675 0.05147672 2.27368767 -1.00000000
5.90489096 20.62189172 3.41318635 -1.00000000
4.64961786 11.47313154 5.43064282 -1.00000000
-8.11065000 7.12528603 -5.98505323 1.00000000
-3.38956570 7.11102580 -9.96395481 1.00000000
4.60738812 7.20470852 5.72771585 -1.00000000
6.03244701 14.69676241 -1.26651075 -1.00000000
5.82240842 15.50310685 -1.15103680 -1.00000000
-6.69173570 2.90506216 -7.60541911 1.00000000
11.33185543 16.90461156 -4.26918428 1.00000000
6.10209418 4.52358241 -0.25721253 -1.00000000
3.40754109 8.33712952 13.02096106 1.00000000
9.88468842 12.73381156 -7.14074716 1.00000000
-9.53364056 19.65370299 -0.69416609 1.00000000
11.17622714 11.04938618 -4.84985435 1.00000000
7.94283059 19.59764856 -8.37782599 1.00000000
5.10937452 11.28483776 -2.82307986 -1.00000000
3.31044567 14.69273001 -3.91993795 -1.00000000
2.55799594 1.12492112 -10.73182172 1.00000000
3.62239504 18.28594070 -4.25284303 -1.00000000
-9.20323459 2.83621866 -3.37499715 1.00000000
10.80853561 16.73754288 7.04135190 1.00000000
5.61087605 17.78202180 4.25337915 -1.00000000
12.75021375 15.81391496 -0.93185571 1.00000000
0.44225507 10.85303248 -4.57481406 -1.00000000
-0.06405988 9.48849908 -10.96532367 1.00000000
-2.34868271 8.57331059 -10.64542734 1.00000000
4.64983425 12.59453364 12.58224656 1.00000000
5.19188041 1.98744164 4.83478023 -1.00000000
-6.01560606 5.04024900 -8.41286795 1.00000000
8.75263165 3.69316268 10.39921191 1.00000000
1.86212468 6.97736653 7.55511850 -1.00000000
-6.96064787 18.35831530 5.43211638 -1.00000000
-9.44148715 6.62146864 -3.54304034 1.00000000
0.86930621 2.27365237 7.71011660 -1.00000000
-3.05078803 11.26458377 -10.34587866 1.00000000
-3.69084297 0.17236771 7.20559180 -1.00000000
10.74344689 3.45669249 -5.41841946 1.00000000
-8.76246258 19.95964393 1.44699727 -1.00000000
-0.24496412 10.75557210 -11.13649050 1.00000000
12.63232957 8.74910602 2.80915822 1.00000000
5.79060292 6.88411255 -1.74853146 -1.00000000
1.94010644 18.38984278 -4.79171849 -1.00000000
6.12079305 2.08810011 2.72819049 -1.00000000
-3.47857045 11.22506108 -10.03550888 1.00000000
10.22498081 15.27807660 8.43017828 1.00000000
-8.35181666 1.54090863 3.36595830 -1.00000000
1.32655244 11.79543010 -4.55729899 -1.00000000
5.53727211 20.70518447 4.66862825 -1.00000000
-9.61565483 20.30936637 -1.54597348 1.00000000
-1.50865351 -0.06169751 -10.83912586 1.00000000
6.01973759 8.28176336 12.24481425 1.00000000
-9.41109866 14.09327519 -0.28312441 1.00000000
-5.25738098 16.87036045 -8.79256252 1.00000000
7.30667266 3.16351825 11.05902240 1.00000000
12.42666484 11.77833951 0.30002683 1.00000000
-3.10650409 8.19916307 7.49056721 -1.00000000
-7.80763510 9.15564518 -6.35130028 1.00000000
-2.98725446 20.73153839 7.51580893 -1.00000000
-7.25627473 14.02242717 -7.33815632 1.00000000
7.21528891 6.94125572 -9.08653209 1.00000000
12.46174494 14.75643225 -1.95195060 1.00000000
4.88589336 16.60731243 -2.90978947 -1.00000000
11.06820853 17.27035190 7.71747022 1.00000000
-9.67437217 4.78665304 -0.30196291 1.00000000
2.66077368 12.16664460 7.13471448 -1.00000000
6.37590505 13.60388892 -0.26008357 -1.00000000
11.05971681 20.30554072 7.15184662 1.00000000
2.53742125 11.43143105 -10.84386375 1.00000000
11.50273869 10.29175802 -4.33702495 1.00000000
-2.23579583 14.25930385 8.01441689 -1.00000000
4.51391802 3.60121426 -2.76751103 -1.00000000
1.43307657 17.90296903 7.61623683 -1.00000000
11.55729439 19.46639604 5.20643847 1.00000000
6.33091636 0.44980507 -0.43441992 -1.00000000
4.30281298 4.54220131 -10.92471778 1.00000000
-6.60425159 2.68421650 5.28050075 -1.00000000
-7.93455529 19.55464926 3.79648725 -1.00000000
1.93932636 11.57174234 13.83247896 1.00000000
-8.09737840 6.62173375 -5.94636264 1.00000000
12.37757436 20.12330689 -2.16284149 1.00000000
-6.43783774 13.80167937 5.70573393 -1.00000000
5.11446864 5.23879925 4.44226374 -1.00000000
-9.48208175 5.39442036 -1.04196133 1.00000000
5.40416025 3.56666032 4.57214707 -1.00000000
-9.58180671 0.58031666 -0.58493817 1.00000000
6.46054004 13.57326754 0.56878671 -1.00000000
5.06253862 9.33859003 -2.65596609 -1.00000000
11.83588392 18.57635512 5.25191446 1.00000000
-5.45491055 7.46715505 6.22925190 -1.00000000
12.91280768 5.58913440 1.79774870 1.00000000
0.54763107 17.55917085 7.21909236 -1.00000000
-7.26422643 15.18987530 5.07975980 -1.00000000
-3.41626333 0.47470055 -10.18143319 1.00000000
7.48385737 13.98041646 11.13194970 1.00000000
6.31776064 8.64888296 -1.23733021 -1.00000000
-4.96519095 3.38800475 -9.46300667 1.00000000
1.28787580 15.43934621 -4.74052017 -1.00000000
6.12669856 9.95913344 -0.76598820 -1.00000000
3.64342816 15.91503881 6.45582822 -1.00000000
6.94489421 5.61813060 -9.21084296 1.00000000
6.07515352 15.99597641 -9.75280270 1.00000000
3.55606055 9.69318101 -10.93032990 1.00000000
-0.24792923 7.78167368 7.76112566 -1.00000000
1.90128459 1.92947324 14.05053617 1.00000000
-7.26541177 13.09439525 -7.26464064 1.00000000
8.54837154 4.79281117 10.86197951 1.00000000
-6.96837806 10.76563331 5.77691637 -1.00000000
-7.58179906 4.37775820 -6.63616820 1.00000000
6.86184877 15.23013390 11.69197962 1.00000000
-2.22995127 16.87012356 7.81859222 -1.00000000
10.84472071 18.57650131 7.64521369 1.00000000
1.52639968 10.38828306 -11.08489976 1.00000000
9.78060393 16.60769897 -6.82294629 1.00000000
6.33699966 9.62201322 0.85136794 -1.00000000
-9.62251974 0.58343148 0.54899669 1.00000000
10.09430631 18.76767869 8.73278754 1.00000000
4.64724147 1.85517474 -2.78505741 -1.00000000
6.25111100 15.60917606 0.59534161 -1.00000000
11.47369793 16.45962495 -4.86362613 1.00000000
1.12156553 4.21686987 7.66440090 -1.00000000
0.40775335 7.36754683 -4.89766680 -1.00000000
1.63281468 13.66342349 -11.08408024 1.00000000
7.59484896 5.70631672 11.19348311 1.00000000
-8.06183089 1.32503450 -6.38458777 1.00000000
5.70918827 9.07451257 3.78606284 -1.00000000
8.11440768 11.35550699 -8.57790701 1.00000000
-9.91952004 13.80710639 -1.14301276 1.00000000
-3.32229808 11.70394556 7.41252515 -1.00000000
12.82042315 9.66703397 1.14021874 1.00000000
7.04603286 13.67067383 -9.05396288 1.00000000
4.19678673 8.76303770 5.40923502 -1.00000000
9.45918158 15.17443229 9.29956109 1.00000000
12.04478821 1.62042908 4.25644110 1.00000000
1.42148017 18.07487845 -4.83717950 -1.00000000
2.06924028 7.84927980 -4.60203106 -1.00000000
6.41534711 8.41615621 -0.14857344 -1.00000000
-3.23537263 19.60948476 7.62165794 -1.00000000
-7.18910048 10.39361218 5.23107881 -1.00000000
-3.40845621 13.42839993 -10.40333097 1.00000000
11.17384971 4.17683162 6.69719238 1.00000000
8.16605912 15.46530995 -8.48625401 1.00000000
6.50941576 5.32229700 1.38417828 -1.00000000
-5.53269843 6.19412092 -8.66617215 1.00000000
11.25091578 15.48404879 6.41404257 1.00000000
4.01583664 3.00581885 -3.61011704 -1.00000000
5.62901917 12.92072145 -1.85002613 -1.00000000
1.94356342 8.73948906 -4.67210956 -1.00000000
8.72169093 13.39910288 10.68461414 1.00000000
11.90476151 2.09874875 4.30677715 1.00000000
0.68151287 10.00369385 7.82825009 -1.00000000
9.63055015 16.18307090 9.26917531 1.00000000
6.10029401 20.34606684 -0.49849318 -1.00000000
6.32055763 0.92066649 -9.94519152 1.00000000
12.72262851 10.35833804 0.52100193 1.00000000
11.91896722 14.58146817 -3.05508816 1.00000000
5.87536013 14.87107975 12.41633568 1.00000000
1.28564542 12.74368377 -11.36740197 1.00000000
-6.72460155 1.68596579 5.37138447 -1.00000000
5.50554795 2.11093663 -9.86345629 1.00000000
-9.07551714 10.08070188 2.55935648 -1.00000000
0.42941451 4.06600080 14.29014384 1.00000000
6.14018438 16.72401446 2.27556524 -1.00000000
-9.32281872 9.24843503 -2.03895922 1.00000000
-9.15314811 3.42597527 0.58993163 1.00000000
0.56004373 5.82122147 -4.87851247 -1.00000000
7.19274948 18.15848696 11.54537081 1.00000000
7.95895637 15.91399844 -8.25835975 1.00000000
12.12620576 4.16966458 3.29326112 1.00000000
1.10065104 3.33789132 7.61290361 -1.00000000
5.05310742 8.01371981 -2.79714759 -1.00000000
-8.06629579 18.64061919 -5.38358664 1.00000000
4.90299464 15.28480026 -3.61615692 -1.00000000
4.95432804 14.12307984 -3.21260466 -1.00000000
-2.80619289 3.62972741 7.59591065 -1.00000000
0.73365625 0.81825398 -4.82159036 -1.00000000
-6.87734142 4.89690508 5.17589007 -1.00000000
9.22948001 15.70887020 -7.33896205 1.00000000
-9.58779183 18.72370879 -0.09792794 1.00000000
8.13813451 14.25119203 -8.68771024 1.00000000
6.33443886 16.41063456 -0.49133010 -1.00000000
-0.56573237 7.93288028 7.90549689 -1.00000000
6.15479192 10.63310947 2.26931648 -1.00000000
5.00560521 0.84129807 5.46914995 -1.00000000
-3.48194791 10.96124098 -10.01510706 1.00000000
-7.08656663 8.00665264 4.90517198 -1.00000000
4.76249461 16.89994010 -2.80152734 -1.00000000
12.37616403 1.33498706 0.81817169 1.00000000
0.35131987 17.30998780 -11.24818376 1.00000000
1.29094998 16.18972271 -4.72892102 -1.00000000
-6.65021643 7.35948323 5.75599440 -1.00000000
11.52288615 21.04144549 -4.21350427 1.00000000
-4.20432250 18.26666926 -9.87472704 1.00000000
-4.00043026 17.95470346 7.46873292 -1.00000000
1.42830867 0.88547070 7.23444943 -1.00000000
-9.58806950 0.41403592 -1.85301700 1.00000000
3.15006387 5.04947943 -4.34130444 -1.00000000
-2.57616694 17.34915721 -10.67623131 1.00000000
-3.58561520 4.55636296 -9.95132207 1.00000000
-2.60746345 15.83036600 -10.22401396 1.00000000
6.87626299 14.44228755 12.17462585 1.00000000
-9.63509322 18.08726147 -1.49179614 1.00000000
5.65453186 14.57104147 3.97574085 -1.00000000
11.10687914 18.53544311 -4.54237306 1.00000000
11.17976688 9.45396067 6.85112665 1.00000000
5.51422521 18.95455394 -2.28690726 -1.00000000
11.94736650 7.71773168 -2.05675872 1.00000000
3.13851049 0.75639018 6.58086176 -1.00000000
0.72787003 9.11372860 -11.11336280 1.00000000
-5.41435720 16.42126897 6.78866586 -1.00000000
-5.91415373 1.50533107 5.83152857 -1.00000000
6.31598007 2.78273267 0.61452493 -1.00000000
3.48595598 7.70116664 13.34556663 1.00000000
-2.17533057 9.88898150 7.91662756 -1.00000000
12.47521424 16.25350057 -0.40369069 1.00000000
3.61836844 15.73821354 13.45551419 1.00000000
1.39704842 17.43488287 -10.92230308 1.00000000
0.39358173 7.96228741 -4.99156797 -1.00000000
-6.03581941 5.07889549 -8.07007674 1.00000000
-6.49544926 1.30608096 -8.30217538 1.00000000
-7.75450445 19.17435715 -6.90971941 1.00000000
5.15504887 17.72280201 4.70923076 -1.00000000
3.54857922 8.70166229 6.28355312 -1.00000000
5.30611979 5.42417080 -2.38958121 -1.00000000
6.37398066 14.61791554 0.96074382 -1.00000000
0.54262258 3.26042436 -10.94763283 1.00000000
5.43889530 11.32075246 -1.93307866 -1.00000000
3.52252957 4.91558413 6.51781058 -1.00000000
3.53587372 12.36085997 6.82400800 -1.00000000
-8.28710571 1.59537344 -5.21330297 1.00000000
7.88815785 10.33635309 -8.54811890 1.00000000
0.60577193 1.62671603 7.89041292 -1.00000000
-7.14390622 15.73210926 -7.22886053 1.00000000
7.22700411 19.59555259 11.57693040 1.00000000
1.36781291 6.34182654 -5.16288467 -1.00000000
3.87245093 14.36139089 -10.49182163 1.00000000
10.43954836 16.03379686 8.34603095 1.00000000
6.50131328 4.84818997 -9.64579032 1.00000000
-7.59706969 14.76942792 -6.65811450 1.00000000
-9.59671826 4.03570264 -2.09756407 1.00000000
2.43799110 9.29407911 -4.81102293 -1.00000000
-4.21293169 9.91115846 7.40053401 -1.00000000
5.97031021 10.71378426 -1.52567892 -1.00000000
-1.96190286 13.39646888 -10.64506094 1.00000000
-9.49609949 19.24046181 0.52375417 1.00000000
9.59195035 19.86659099 9.58496012 1.00000000
-9.79284874 20.36061075 -1.68941562 1.00000000
-9.19715652 3.61598110 -2.15975640 1.00000000
2.75177965 6.29394575 7.01474190 -1.00000000
3.55625394 0.48615770 -3.95283586 -1.00000000
-3.22639258 2.42640598 -10.54352774 1.00000000
-5.10077910 4.56741970 6.99222383 -1.00000000
6.11677907 12.92561450 -0.47983562 -1.00000000
10.37341704 3.82420479 8.13892233 1.00000000
-0.49351254 6.62166276 7.92783276 -1.00000000
3.50721940 16.86280344 -3.83206564 -1.00000000
0.30791949 2.91055411 -4.72444572 -1.00000000
12.92803559 16.53694262 1.34970423 1.00000000
5.29024439 3.82984973 4.54281038 -1.00000000
-6.99799452 8.74734503 -8.07804478 1.00000000
11.85618504 9.43628129 -2.79807520 1.00000000
5.95972743 11.45784273 12.72625276 1.00000000
9.24938828 17.00651778 9.21294044 1.00000000
4.74161865 10.04109332 -2.91797063 -1.00000000
5.88949181 4.73238635 2.53377214 -1.00000000
12.21586958 16.55270376 3.51024980 1.00000000
0.60603832 16.02689936 -4.37263644 -1.00000000
4.43171758 1.35216780 12.95580143 1.00000000
5.97174702 6.50569048 -0.78281363 -1.00000000
6.39647274 12.82949760 12.31301112 1.00000000
11.48029554 20.02800958 6.20259786 1.00000000
4.99123723 0.73533551 -3.41701674 -1.00000000
4.89196961 15.05193777 13.05031726 1.00000000
4.95043841 13.51216185 -10.35736259 1.00000000
4.49110543 0.21758925 -3.28768638 -1.00000000
10.76941286 3.86579629 7.66247083 1.00000000
-1.34361915 17.23604686 7.86229556 -1.00000000
-4.52669719 9.28029935 -9.19126328 1.00000000
5.85077416 14.23239610 4.16290171 -1.00000000
5.89905284 16.12319425 12.38320657 1.00000000
6.04493399 0.74634287 2.81181379 -1.00000000
3.29936206 13.33779541 -10.51379934 1.00000000
6.30730099 3.44781618 0.15199802 -1.00000000
6.37143297 2.66985265 0.49262600 -1.00000000
9.80583928 1.17281644 9.34366016 1.00000000
1.05497747 17.35634655 7.64530248 -1.00000000
0.29597796 7.80071293 -4.73415391 -1.00000000
4.45327605 13.09002743 6.17441561 -1.00000000
-6.67872697 2.60751935 -8.55912410 1.00000000
2.54911928 13.10244625 -4.89589690 -1.00000000
-7.08062117 6.74779259 -7.18933331 1.00000000
0.04362839 3.88744353 7.96244023 -1.00000000
1.79661158 7.87299864 -10.71195094 1.00000000
-8.09945390 12.84491064 3.92988962 -1.00000000
-2.93993949 17.57076206 7.64692667 -1.00000000
-4.94521432 14.22828931 7.05504884 -1.00000000
6.14131720 11.66388772 -0.78066127 -1.00000000
5.90300219 16.46883157 -1.36338244 -1.00000000
-7.96674080 19.41484310 -6.02010482 1.00000000
5.27488473 14.96427157 4.65435664 -1.00000000
5.10264117 9.97094569 5.18906837 -1.00000000
-8.79910005 11.59975195 1.67715447 -1.00000000
1.18007759 14.10930484 13.98798255 1.00000000
4.83956984 20.87009804 5.51365928 -1.00000000
-4.97018491 17.05402314 -9.38977134 1.00000000
2.06629204 10.20769242 -4.67203286 -1.00000000
-8.99752402 6.90578117 -2.65635393 1.00000000
3.92726303 7.36167702 -10.33822380 1.00000000
1.86998253 15.81138552 -4.65160798 -1.00000000
-9.31886498 5.68354029 -4.08322222 1.00000000
12.19469448 2.44437912 1.94812757 1.00000000
5.55920284 6.23428823 -1.48789566 -1.00000000
4.42067734 17.10169147 12.79406463 1.00000000
5.09661441 14.10175420 -2.82298851 -1.00000000
-3.04358593 17.44212459 7.80754894 -1.00000000
11.55529285 5.27323519 -3.73128448 1.00000000
-3.51617914 19.58317916 7.47623856 -1.00000000
11.08529315 12.33720757 7.49164201 1.00000000
11.89552053 6.78308162 -3.67755226 1.00000000
7.15169509 15.84197734 -9.28761050 1.00000000
-7.77094145 1.14705310 -6.38381872 1.00000000
-4.45254043 7.88313091 -9.49794048 1.00000000
-7.21962601 16.05579801 5.33878182 -1.00000000
12.52777832 8.10318819 -1.43566904 1.00000000
11.39951026 7.02221118 -4.38515667 1.00000000
1.68534413 11.13391571 13.52521516 1.00000000
-6.33740456 15.12593283 6.10662295 -1.00000000
5.52077199 10.79259292 4.39919070 -1.00000000
4.03206643 4.56737984 6.22567582 -1.00000000
4.93763092 7.65648723 -2.90368035 -1.00000000
4.76872197 17.96043746 -3.57835582 -1.00000000
-3.11809155 3.58729828 -10.22871434 1.00000000
2.33193815 4.51045096 -4.51748853 -1.00000000
-1.95517569 11.54126153 7.51564781 -1.00000000
5.18578658 14.56060423 -10.58458588 1.00000000
3.34020126 20.43042610 6.56821526 -1.00000000
10.73806560 19.96091309 7.50071912 1.00000000
11.86336198 6.91505543 4.73395861 1.00000000
-5.11719921 14.58589028 -9.04730210 1.00000000
-9.56670394 20.40999742 -2.90045832 1.00000000
6.15347923 5.18785460 1.96838170 -1.00000000
-5.89865863 8.35545026 6.44764889 -1.00000000
11.98184271 14.58484017 -2.77342452 1.00000000
10.05666756 16.70370704 -6.44189070 1.00000000
3.69913558 0.64811986 -10.84212640 1.00000000
1.43314167 18.42793667 7.58256051 -1.00000000
